0,310
0,305
0,308
0,307
0,302
0,304
0,303
0,12
0,565
0,10
0,8
0,0
0,554
0,510
0,300
0,536
0,469
0,299
0,535
0,567
0,298
0,534
0,297
0,574
0,466
0,296
0,566
0,509
0,295
0,553
0,508
0,294
0,375
0,465
0,293
0,528
0,464
0,292
0,560
0,463
0,291
0,389
0,462
0,290
0,506
0,461
0,289
0,552
0,460
0,288
0,436
0,459
0,287
0,558
0,382
0,286
0,532
0,396
0,285
0,498
0,456
0,284
0,544
0,395
0,283
0,547
0,455
0,282
0,551
0,454
0,281
0,502
0,507
0,280
0,542
0,452
0,279
0,500
0,445
0,278
0,569
0,497
0,277
0,393
0,451
0,276
0,559
0,450
0,275
0,546
0,449
0,274
0,468
0,448
0,273
0,527
0,526
0,272
0,496
0,447
0,271
0,564
0,270
0,525
0,418
0,269
0,495
0,444
0,268
0,524
0,493
0,267
0,492
0,491
0,266
0,443
0,265
0,504
0,442
0,264
0,387
0,441
0,263
0,523
0,522
0,262
0,489
0,440
0,261
0,520
0,439
0,260
0,519
0,438
0,259
0,518
0,571
0,258
0,517
0,435
0,257
0,563
0,437
0,256
0,516
0,430
0,255
0,487
0,432
0,254
0,486
0,429
0,253
0,485
0,488
0,252
0,484
0,427
0,251
0,483
0,530
0,250
0,482
0,562
0,249
0,515
0,557
0,248
0,481
0,428
0,247
0,480
0,246
0,479
0,433
0,245
0,514
0,425
0,244
0,478
0,421
0,242
0,477
0,241
0,476
2,1
2,2
2,4
2,5
3,1
3,3
340,3
345,0
0,573
345,1
366,0
366,1
360,3
360,1
329,3
329,1
332,3
332,1
354,3
355,0
355,3
356,0
356,3
350,0
350,1
331,0
331,1
339,0
339,1
363,0
363,1
367,3
367,1
346,3
346,1
335,3
347,0
347,3
368,0
368,3
327,0
327,1
326,0
326,1
328,0
328,1
341,0
341,1
330,3
330,1
330,0
341,3
328,3
326,3
327,3
368,1
347,1
335,1
335,0
346,0
367,0
363,3
339,3
331,3
350,3
356,1
355,1
354,1
354,0
332,0
329,0
360,0
366,3
345,3
340,1
340,0
3,0
2,3
2,0
1,3
1,1
1,0
0,322
0,243
0,9
0,422
0,240
0,475
0,411
0,239
0,543
0,426
0,238
0,474
0,419
0,237
0,383
0,373
0,236
0,414
0,372
0,235
0,417
0,371
0,234
0,415
0,370
0,233
0,407
0,369
0,232
0,457
0,368
0,231
0,416
0,367
0,230
0,381
0,366
0,229
0,409
0,365
0,228
0,410
0,364
0,227
0,404
0,363
0,226
0,538
0,362
0,225
0,537
0,361
0,224
0,513
0,360
0,223
0,572
0,359
0,222
0,399
0,358
0,221
0,398
0,357
0,220
0,499
0,356
0,219
0,434
0,355
0,218
0,423
0,354
0,217
0,397
0,353
0,216
0,420
0,352
0,215
0,392
0,351
0,214
0,394
0,350
0,213
0,533
0,349
0,212
0,386
0,348
0,211
0,391
0,347
0,210
0,570
0,346
0,209
0,568
0,345
0,208
0,344
0,207
0,384
0,343
0,206
0,575
0,342
0,205
0,545
0,341
0,204
0,412
0,340
0,203
0,339
0,202
0,405
0,338
0,201
0,401
0,337
0,200
0,377
0,336
0,199
0,379
0,335
0,198
0,521
0,334
0,197
0,374
0,333
0,196
0,453
0,332
0,195
0,378
0,331
0,194
0,549
0,330
0,193
0,548
0,329
0,192
0,550
0,328
0,63
0,327
0,62
0,541
0,326
0,61
0,540
0,325
0,60
0,324
0,59
0,473
0,323
0,58
0,385
0,321
0,57
0,539
0,320
0,56
0,376
0,319
0,55
0,403
0,318
0,54
0,390
0,317
0,53
0,512
0,316
0,52
0,561
0,315
0,51
0,388
0,314
0,50
0,556
0,313
0,49
0,312
0,48
0,531
0,311
0,47
0,470
0,309
0,46
0,472
0,306
0,45
0,529
0,301
0,6
0,5
0,1
0,11
0,4
0,2
0,3
0,7
